>>F = [
1.333333 -18.666667 -11
1.666667 9.666667 5
-3.333333 -9.333333 -5]

F =

    1.3333  -18.6667  -11.0000
    1.6667    9.6667    5.0000
   -3.3333   -9.3333   -5.0000

>> S = [
110.811321 -92.867925 -115.962264 45.660377 9.339623
-49.591195 20.880503 80.251572 -18.930818 10.597484
37.383648 -25.63522 -29.610063 15.157233 8.176101
25.830189 36.018868 -31.566038 50.09434 9.90566
-13.383648 89.63522 61.610063 34.842767 31.823899]

S =

  110.8113  -92.8679 -115.9623   45.6604    9.3396
  -49.5912   20.8805   80.2516  -18.9308   10.5975
   37.3836  -25.6352  -29.6101   15.1572    8.1761
   25.8302   36.0189  -31.5660   50.0943    9.9057
  -13.3836   89.6352   61.6101   34.8428   31.8239

>> T = [
11.342408 5.394574 -8.947853 -1.143035 3.233773 10.359098 0.458313 3.818317 -1.276347
4.610882 17.870433 -10.710745 0.708643 6.197762 13.352024 -0.078931 5.847273 -4.880577
-20.354755 -2.057879 24.234276 -1.590227 -13.887953 -36.016438 -3.387261 -11.398903 -3.941503
3.476418 -9.042511 3.304396 5.191368 -0.43385 3.655426 1.739159 -1.125105 8.369375
-8.113204 -7.476834 13.581127 1.479137 0.018653 -18.278405 -0.976513 -6.603254 2.408412
-24.988483 -15.339525 31.314906 -1.435335 -19.783307 -43.687598 -2.917443 -18.570605 1.165477
3.285919 5.53533 -7.390804 -0.607748 2.151241 6.236629 7.236988 3.203973 -0.504392
21.323188 24.950263 -37.383768 0.183476 20.263401 48.908784 1.224364 27.653633 -8.048679
21.370879 34.74921 -45.860073 2.180757 24.924656 56.120467 1.269506 22.833389 -9.860161]

T =

   11.3424    5.3946   -8.9479   -1.1430    3.2338   10.3591    0.4583    3.8183   -1.2763
    4.6109   17.8704  -10.7107    0.7086    6.1978   13.3520   -0.0789    5.8473   -4.8806
  -20.3548   -2.0579   24.2343   -1.5902  -13.8880  -36.0164   -3.3873  -11.3989   -3.9415
    3.4764   -9.0425    3.3044    5.1914   -0.4339    3.6554    1.7392   -1.1251    8.3694
   -8.1132   -7.4768   13.5811    1.4791    0.0187  -18.2784   -0.9765   -6.6033    2.4084
  -24.9885  -15.3395   31.3149   -1.4353  -19.7833  -43.6876   -2.9174  -18.5706    1.1655
    3.2859    5.5353   -7.3908   -0.6077    2.1512    6.2366    7.2370    3.2040   -0.5044
   21.3232   24.9503  -37.3838    0.1835   20.2634   48.9088    1.2244   27.6536   -8.0487
   21.3709   34.7492  -45.8601    2.1808   24.9247   56.1205    1.2695   22.8334   -9.8602


>> [R,U] = eig(F)

R =

    0.4082   -0.6667   -0.9487
   -0.4082   -0.3333   -0.0000
    0.8165    0.6667    0.3162


U =

   -2.0000         0         0
         0    3.0000         0
         0         0    5.0000

>> [R,U] = eig(S)

R =

   -0.8660   -0.2132    0.5898    0.8165   -0.4000
    0.2887    0.2132    0.4423    0.0000   -0.0000
   -0.2887    0.0000    0.1474    0.4082   -0.4000
   -0.0000    0.4264   -0.2949   -0.4082   -0.2000
    0.2887    0.8528   -0.5898    0.0000    0.8000


U =

  100.0000         0         0         0         0
         0   75.0000         0         0         0
         0         0  -20.0000         0         0
         0         0         0   30.0000         0
         0         0         0         0   -1.0000

>> [R,U] = eig(T)

R =

   -0.0000   -0.0000    0.2673    0.1491   -0.1179   -0.1374   -0.1562    0.0625   -0.5033
    0.1562    0.1768   -0.1336   -0.0000   -0.0000    0.5494    0.0000    0.3631   -0.1798
   -0.4685    0.3536    0.1336   -0.1491    0.1179    0.6868    0.0000   -0.0351   -0.2660
   -0.0000   -0.5303    0.6682    0.7454    0.0000   -0.2747    0.1562    0.1678    0.2947
   -0.1562    0.0000   -0.2673   -0.5963   -0.2357    0.1374    0.1562    0.2029    0.5608
   -0.4685    0.1768    0.0000   -0.0000    0.0000    0.2747    0.3123   -0.1327   -0.0287
   -0.1562    0.0000    0.2673   -0.1491    0.8250   -0.1374   -0.4685    0.7261   -0.3597
    0.3123    0.1768    0.1336    0.1491    0.4714   -0.0000   -0.7809   -0.3982   -0.0862
    0.6247    0.7071   -0.5345   -0.0000   -0.1179    0.1374   -0.0000    0.3006    0.3235


U =

   -4.0000         0         0         0         0         0         0         0         0
         0   -6.0000         0         0         0         0         0         0         0
         0         0    3.0000         0         0         0         0         0         0
         0         0         0    5.0000         0         0         0         0         0
         0         0         0         0    7.0000         0         0         0         0
         0         0         0         0         0   10.0000         0         0         0
         0         0         0         0         0         0    9.0000         0         0
         0         0         0         0         0         0         0    8.0000         0
         0         0         0         0         0         0         0         0    8.0000
